0,9
33,29,1
32,28,30
31,26,338
34,29,356
34,30,394
33,28,408
31,27,456
32,27,483
35,30,485
1,1
17,22,2
2,5
38,33,-1
39,33,3
31,26,-1
32,27,-1
34,30,-1
3,1
11,17,4
4,1
44,39,5
5,1
6,11,6
6,2
50,44,7
31,26,-1
7,1
1,6,8
8,4
31,27,-1
31,26,9
32,28,-1
29,24,-1
9,1
16,21,10
10,2
32,28,11
29,24,-1
11,1
19,23,12
12,1
28,19,13
13,1
14,23,14
14,2
35,30,15
29,24,28
15,1
10,14,16
16,3
30,24,17
40,35,-1
30,25,-1
17,1
5,10,18
18,2
37,31,19
33,28,-1
19,1
20,25,20
20,2
24,20,21
24,19,-1
21,1
15,24,22
22,1
29,20,23
23,2
11,16,24
14,19,27
24,2
20,15,25
40,35,-1
25,1
7,11,26
26,3
40,35,-1
41,37,-1
42,37,-1
27,1
20,15,-1
28,1
20,29,29
29,1
33,24,-1
30,5
19,23,31
17,22,73
18,23,175
16,21,229
17,21,281
31,1
28,19,32
32,1
14,23,33
33,7
37,32,34
33,28,66
34,30,-1
34,29,-1
31,27,-1
33,29,-1
35,30,-1
34,1
10,14,35
35,5
41,37,36
34,30,63
33,28,-1
35,30,-1
34,29,-1
36,2
5,10,37
17,21,55
37,6
34,30,-1
33,28,-1
35,30,-1
34,29,38
33,29,-1
46,41,48
38,1
23,34,39
39,1
39,30,40
40,1
14,19,41
41,4
44,39,42
30,25,-1
40,34,-1
46,41,-1
42,1
10,14,43
43,4
40,34,44
30,25,-1
50,44,-1
46,41,-1
44,1
16,21,45
45,2
31,26,46
30,25,-1
46,1
11,16,47
47,2
32,28,-1
37,31,-1
48,2
14,19,49
17,21,54
49,3
34,29,-1
32,28,50
35,30,52
50,1
23,32,51
51,1
37,28,-1
52,1
20,25,53
53,2
40,35,-1
33,29,-1
54,3
31,26,-1
32,27,-1
34,30,-1
55,7
34,29,56
31,26,-1
35,30,-1
47,41,-1
33,28,-1
31,27,-1
34,30,-1
56,1
23,34,57
57,1
39,30,58
58,1
11,17,59
59,1
44,39,60
60,2
7,11,61
6,11,62
61,4
50,44,-1
40,34,-1
30,25,-1
32,28,-1
62,3
50,44,-1
30,25,-1
40,34,-1
63,2
13,19,64
17,21,65
64,3
30,25,-1
33,28,-1
41,37,-1
65,4
30,25,-1
31,27,-1
40,34,-1
41,37,-1
66,1
23,32,67
67,1
37,28,68
68,1
10,14,69
69,3
39,33,70
35,30,-1
41,37,-1
70,2
14,19,71
5,10,72
71,2
44,39,-1
41,37,-1
72,2
44,39,-1
41,37,-1
73,1
28,17,74
74,2
11,22,75
12,21,113
75,5
37,32,76
34,30,-1
33,28,-1
31,27,-1
31,26,-1
76,1
6,11,77
77,6
41,37,78
32,27,-1
31,26,-1
34,30,109
34,29,-1
32,28,-1
78,1
12,17,79
79,4
46,41,80
33,28,107
34,29,-1
34,30,-1
80,2
7,12,81
8,12,98
81,6
34,29,82
31,26,-1
32,28,-1
34,30,-1
31,27,-1
35,30,-1
82,2
19,23,83
2,7,91
83,4
40,34,-1
32,28,84
31,27,86
31,26,-1
84,1
23,32,85
85,2
37,28,-1
38,27,-1
86,2
22,31,87
23,34,88
87,1
36,27,-1
88,1
39,30,89
89,1
22,31,90
90,1
36,27,-1
91,1
40,34,92
92,1
19,23,93
93,3
32,28,-1
45,40,94
35,30,-1
94,1
14,19,95
95,1
32,28,96
96,1
23,32,97
97,1
37,28,-1
98,6
33,28,-1
31,27,-1
34,29,99
32,28,101
31,26,-1
35,30,-1
99,1
19,23,100
100,4
32,28,-1
31,26,-1
31,27,-1
40,34,-1
101,1
16,21,102
102,1
31,26,103
103,1
21,27,104
104,2
35,30,105
36,31,-1
105,1
2,8,106
106,1
30,25,-1
107,1
22,33,108
108,1
39,28,-1
109,1
12,17,110
110,1
30,25,111
111,1
7,12,112
112,1
41,37,-1
113,9
31,27,114
31,26,121
37,32,140
33,28,151
34,29,159
34,30,169
38,32,-1
33,29,-1
35,30,-1
114,1
21,32,115
115,2
37,28,116
38,27,118
116,1
7,12,117
117,2
41,37,-1
36,31,-1
118,2
7,12,119
11,17,120
119,3
43,38,-1
42,38,-1
37,32,-1
120,3
37,32,-1
36,31,-1
43,38,-1
121,1
7,12,122
122,1
26,17,123
123,1
12,21,124
124,5
36,31,125
33,28,-1
37,31,133
37,32,-1
34,29,-1
125,3
1,7,126
21,26,127
19,23,130
126,5
35,30,-1
41,36,-1
33,28,-1
37,32,-1
31,27,-1
127,1
31,27,128
128,1
11,17,129
129,4
41,36,-1
34,30,-1
37,32,-1
33,28,-1
130,6
31,26,-1
37,32,-1
34,29,131
31,27,-1
41,36,-1
33,28,-1
131,1
23,34,132
132,2
39,30,-1
40,29,-1
133,1
1,7,134
134,1
31,27,135
135,1
21,32,136
136,1
38,27,137
137,2
11,17,138
7,12,139
138,3
36,31,-1
41,37,-1
43,38,-1
139,2
43,38,-1
41,37,-1
140,1
7,12,141
141,4
34,29,142
41,37,147
31,26,-1
33,28,-1
142,1
1,7,143
143,2
40,34,144
41,37,-1
144,2
19,23,145
11,17,146
145,4
44,40,-1
41,37,-1
45,40,-1
35,30,-1
146,2
31,26,-1
45,40,-1
147,1
1,7,148
148,7
34,30,-1
34,29,149
33,29,-1
33,28,-1
31,26,-1
47,41,-1
32,28,-1
149,1
19,23,150
150,2
31,26,-1
40,34,-1
151,1
7,12,152
152,2
39,33,153
37,32,-1
153,1
11,17,154
154,1
44,39,155
155,1
6,11,156
156,3
50,44,157
37,32,-1
31,26,-1
157,1
1,6,158
158,5
37,32,-1
31,26,-1
33,29,-1
38,32,-1
34,30,-1
159,1
7,12,160
160,2
40,34,161
37,32,-1
161,1
19,23,162
162,4
45,40,163
35,30,-1
33,28,-1
44,40,-1
163,1
14,19,164
164,5
50,45,-1
33,28,165
31,26,-1
29,24,-1
38,32,-1
165,1
23,32,166
166,1
37,28,167
167,1
10,14,168
168,3
39,33,-1
41,37,-1
28,23,-1
169,1
7,12,170
170,2
30,25,171
40,34,-1
171,3
11,17,172
19,23,173
21,26,174
172,3
40,34,-1
31,26,-1
35,30,-1
173,2
40,34,-1
35,30,-1
174,2
31,27,-1
40,34,-1
175,5
33,29,176
38,32,210
34,29,223
34,30,-1
31,26,-1
176,1
23,32,177
177,2
37,28,178
38,27,-1
178,1
20,25,179
179,3
41,37,180
29,24,208
39,33,-1
180,2
17,21,181
12,18,186
181,3
29,24,182
39,33,184
37,32,-1
182,1
19,30,183
183,1
35,24,-1
184,1
15,20,185
185,2
37,32,-1
44,39,-1
186,4
37,32,187
39,33,194
29,24,197
46,41,-1
187,2
16,21,188
7,12,193
188,2
39,33,189
29,24,-1
189,1
21,26,190
190,1
44,39,191
191,1
26,37,192
192,2
32,41,-1
42,31,-1
193,2
29,24,-1
46,41,-1
194,2
7,12,195
19,23,196
195,2
44,39,-1
46,41,-1
196,1
28,19,-1
197,1
19,30,198
198,1
35,24,199
199,2
14,19,200
7,12,207
200,2
40,35,201
34,30,-1
201,1
19,30,202
202,1
35,24,203
203,1
10,14,204
204,1
45,40,205
205,1
7,12,206
206,3
38,33,-1
37,32,-1
39,33,-1
207,2
37,32,-1
39,33,-1
208,1
19,30,209
209,1
35,24,-1
210,2
12,18,211
17,21,220
211,4
31,27,212
42,38,218
43,38,-1
34,29,-1
212,1
7,12,213
213,2
43,38,214
37,31,-1
214,1
20,24,215
215,3
49,43,-1
37,31,216
34,30,-1
216,1
14,20,217
217,2
49,43,-1
41,37,-1
218,1
7,12,219
219,2
34,29,-1
47,42,-1
220,5
43,38,-1
31,27,221
31,26,-1
34,30,-1
34,29,-1
221,1
11,17,222
222,2
43,38,-1
34,30,-1
223,1
23,32,224
224,1
37,28,225
225,1
12,18,226
226,3
41,37,227
40,34,-1
38,32,-1
227,1
16,21,228
228,4
37,32,-1
38,32,-1
31,26,-1
39,34,-1
229,5
31,26,230
34,29,-1
33,29,273
37,32,276
34,30,-1
230,1
11,16,231
231,7
37,32,232
38,32,255
37,31,-1
33,29,-1
34,29,-1
28,23,-1
36,31,-1
232,2
18,22,233
7,11,236
233,1
41,37,234
234,1
7,11,235
235,4
37,31,-1
34,29,-1
46,41,-1
28,23,-1
236,2
36,31,237
41,37,251
237,1
19,23,238
238,1
28,19,239
239,1
14,23,240
240,3
41,37,-1
33,28,241
34,29,-1
241,1
21,27,242
242,1
31,22,243
243,1
18,27,244
244,1
28,19,245
245,1
13,24,246
246,1
32,21,247
247,1
16,27,248
248,1
39,33,249
249,1
9,13,250
250,2
44,39,-1
34,30,-1
251,1
19,23,252
252,1
28,19,253
253,1
14,23,254
254,2
46,41,-1
34,29,-1
255,1
7,11,256
256,1
37,31,257
257,1
19,23,258
258,1
28,19,259
259,1
14,23,260
260,1
31,27,261
261,1
23,28,262
262,1
32,23,263
263,1
18,38,264
264,1
43,32,265
265,1
10,14,266
266,2
41,37,267
39,33,-1
267,1
5,10,268
268,3
46,41,-1
39,33,269
34,30,-1
269,1
14,19,270
270,1
44,39,271
271,1
10,14,272
272,3
46,41,-1
49,43,-1
50,44,-1
273,2
20,25,274
19,23,275
274,2
39,33,-1
29,23,-1
275,1
28,19,-1
276,2
21,26,277
11,16,280
277,4
41,37,-1
34,29,-1
32,27,278
34,30,-1
278,1
26,37,279
279,1
41,32,-1
280,4
41,37,-1
34,29,-1
34,30,-1
31,27,-1
281,6
37,32,282
31,26,300
33,29,318
34,29,332
38,32,-1
34,30,-1
282,2
11,17,283
21,26,289
283,4
41,37,284
31,26,286
34,30,-1
34,29,-1
284,1
7,11,285
285,4
34,29,-1
34,30,-1
31,26,-1
31,27,-1
286,2
18,22,287
7,11,288
287,2
41,37,-1
34,29,-1
288,2
36,31,-1
41,37,-1
289,2
41,37,290
32,27,296
290,1
11,17,291
291,1
34,29,292
292,1
18,22,293
293,1
40,34,294
294,1
13,18,295
295,1
45,40,-1
296,1
26,37,297
297,1
41,32,298
298,1
11,17,299
299,1
46,41,-1
300,1
19,23,301
301,2
26,17,302
28,19,310
302,1
12,21,303
303,1
28,19,304
304,1
14,23,305
305,4
37,32,306
33,28,-1
34,29,-1
38,32,-1
306,1
7,12,307
307,1
41,37,308
308,1
10,14,309
309,2
46,41,-1
34,29,-1
310,1
14,23,311
311,1
26,17,312
312,1
12,21,313
313,5
35,30,-1
33,28,-1
37,31,-1
34,29,314
38,32,-1
314,1
23,34,315
315,1
39,30,316
316,1
7,12,317
317,2
36,31,-1
44,39,-1
318,1
21,26,319
319,2
39,33,320
28,23,-1
320,1
16,21,321
321,1
44,39,322
322,1
11,16,323
323,2
50,44,324
38,32,-1
324,1
6,11,325
325,3
38,32,326
37,32,-1
29,24,-1
326,1
21,27,327
327,2
31,22,328
32,21,-1
328,1
18,38,329
329,1
43,32,330
330,1
16,21,331
331,2
36,31,-1
42,38,-1
332,2
21,26,333
11,17,337
333,2
40,34,334
37,32,-1
334,2
16,21,335
11,17,336
335,1
45,40,-1
336,1
45,40,-1
337,2
40,34,-1
28,23,-1
338,1
19,23,339
339,5
36,31,340
33,28,-1
33,29,-1
34,30,-1
37,31,348
340,1
14,19,341
341,3
41,36,342
32,27,-1
33,28,-1
342,1
10,14,343
343,2
46,41,344
34,30,-1
344,1
5,10,345
345,2
31,27,346
34,30,-1
346,1
20,24,347
347,3
36,31,-1
34,29,-1
34,30,-1
348,1
14,19,349
349,2
41,37,350
34,30,-1
350,1
10,14,351
351,1
46,41,352
352,1
5,10,353
353,3
34,30,-1
31,27,354
33,29,-1
354,1
20,24,355
355,2
36,31,-1
34,30,-1
356,4
19,23,357
18,22,373
20,25,382
17,22,389
357,3
33,28,-1
32,28,358
40,34,362
358,1
23,32,359
359,1
37,28,360
360,1
14,19,361
361,3
38,32,-1
42,37,-1
40,34,-1
362,1
14,19,363
363,3
45,40,364
33,28,-1
44,40,-1
364,1
10,14,365
365,4
32,28,366
50,45,370
29,24,-1
33,28,-1
366,1
23,32,367
367,1
37,28,368
368,1
5,10,369
369,4
42,37,-1
50,45,-1
28,23,-1
38,32,-1
370,2
17,22,371
5,10,372
371,2
32,28,-1
29,24,-1
372,3
32,28,-1
31,26,-1
29,24,-1
373,3
32,28,374
40,34,376
31,26,-1
374,1
16,21,375
375,3
40,34,-1
31,26,-1
37,32,-1
376,1
12,18,377
377,3
44,40,-1
45,40,378
32,28,-1
378,1
7,12,379
379,3
31,26,380
50,45,-1
32,28,-1
380,1
1,7,381
381,2
32,28,-1
37,31,-1
382,3
40,34,383
32,28,-1
29,24,-1
383,1
15,20,384
384,3
45,40,385
32,28,-1
44,40,-1
385,1
10,15,386
386,3
32,28,387
50,45,-1
31,26,-1
387,1
17,21,388
388,4
31,26,-1
37,32,-1
29,24,-1
50,45,-1
389,4
32,27,-1
31,26,-1
32,28,390
40,34,392
390,1
11,17,391
391,1
37,32,-1
392,1
11,17,393
393,2
45,40,-1
32,28,-1
394,1
20,25,395
395,5
30,24,396
32,28,400
31,27,-1
40,34,-1
31,26,-1
396,1
19,30,397
397,1
35,24,398
398,1
18,22,399
399,2
31,26,-1
33,29,-1
400,1
25,34,401
401,2
39,30,402
40,29,-1
402,1
16,21,403
403,2
44,39,404
37,32,406
404,1
21,26,405
405,3
37,32,-1
40,34,-1
50,44,-1
406,1
21,26,407
407,2
32,27,-1
41,37,-1
408,1
18,22,409
409,4
38,33,410
32,27,-1
31,27,450
34,30,-1
410,1
12,18,411
411,6
34,29,412
42,38,429
31,26,433
43,38,442
31,27,-1
32,27,-1
412,2
19,23,413
7,12,420
413,1
28,19,414
414,1
14,34,415
415,2
40,29,416
39,30,-1
416,1
7,12,417
417,4
45,40,-1
32,28,418
35,30,-1
42,38,-1
418,1
16,21,419
419,3
31,26,-1
45,40,-1
37,32,-1
420,1
40,34,421
421,1
19,23,422
422,1
28,19,423
423,1
14,23,424
424,1
32,28,425
425,1
23,32,426
426,1
37,28,427
427,1
10,14,428
428,4
35,30,-1
41,37,-1
45,40,-1
43,38,-1
429,1
7,12,430
430,4
48,42,-1
31,26,-1
47,42,431
32,27,-1
431,1
1,7,432
432,4
31,26,-1
34,29,-1
32,27,-1
34,30,-1
433,2
7,12,434
19,23,439
434,2
37,31,435
42,38,-1
435,1
19,23,436
436,1
28,19,437
437,1
14,23,438
438,3
33,28,-1
32,27,-1
31,27,-1
439,1
28,19,440
440,1
14,23,441
441,2
34,29,-1
32,28,-1
442,1
7,12,443
443,1
49,43,444
444,1
1,7,445
445,3
31,26,446
34,29,-1
31,27,-1
446,1
19,23,447
447,1
28,19,448
448,1
14,23,449
449,3
33,28,-1
34,30,-1
37,31,-1
450,1
22,33,451
451,1
39,28,452
452,1
19,23,453
453,1
28,19,454
454,1
14,23,455
455,2
44,39,-1
38,33,-1
456,1
19,23,457
457,2
33,28,458
37,31,480
458,3
17,21,459
20,25,472
17,22,479
459,1
28,19,460
460,1
14,23,461
461,3
39,33,-1
37,31,-1
38,33,462
462,1
21,26,463
463,3
34,30,464
35,30,-1
33,28,-1
464,1
10,14,465
465,1
30,25,466
466,1
14,19,467
467,1
25,14,468
468,1
9,20,469
469,1
35,30,470
470,1
5,10,471
471,2
43,38,-1
30,25,-1
472,1
28,19,473
473,1
14,23,474
474,2
39,33,475
38,33,-1
475,1
10,14,476
476,1
44,39,477
477,1
5,10,478
478,2
50,44,-1
33,28,-1
479,2
28,19,-1
28,17,-1
480,2
20,25,481
14,19,482
481,1
41,37,-1
482,2
33,28,-1
41,37,-1
483,1
18,23,484
484,3
34,30,-1
34,29,-1
31,26,-1
485,1
20,25,486
486,2
33,29,-1
40,35,-1
