0,2
32,28,1
33,29,287
1,9
18,23,2
19,23,43
16,21,121
17,22,146
18,22,212
17,21,232
20,24,262
20,25,266
19,24,285
2,2
38,32,3
33,29,21
3,5
12,18,4
17,21,14
20,24,19
13,18,-1
16,21,-1
4,2
31,27,5
43,38,13
5,4
7,12,6
17,21,-1
17,22,-1
20,24,-1
6,2
37,31,7
43,38,8
7,4
1,7,-1
20,24,-1
17,21,-1
17,22,-1
8,4
20,24,9
17,21,-1
20,25,-1
1,7,-1
9,1
49,43,10
10,1
14,20,11
11,1
37,31,12
12,2
10,14,-1
1,7,-1
13,3
16,21,-1
7,12,-1
17,21,-1
14,2
31,27,15
43,38,18
15,2
11,17,16
21,26,-1
16,1
43,38,17
17,2
6,11,-1
21,26,-1
18,1
21,26,-1
19,1
31,27,20
20,2
17,21,-1
12,18,-1
21,1
23,32,22
22,1
37,28,23
23,8
13,18,24
17,22,27
20,24,33
20,25,35
16,21,39
19,24,-1
19,23,-1
17,21,41
24,2
39,33,25
38,32,26
25,3
9,13,-1
8,13,-1
18,23,-1
26,3
9,13,-1
20,24,-1
17,22,-1
27,1
28,17,28
28,2
11,22,29
12,21,-1
29,1
39,33,30
30,4
13,18,31
12,18,-1
16,21,-1
6,11,-1
31,1
44,39,32
32,2
19,23,-1
9,13,-1
33,1
29,20,34
34,1
15,24,-1
35,1
41,37,36
36,3
17,21,-1
12,18,37
17,22,-1
37,1
37,32,38
38,2
16,21,-1
7,12,-1
39,1
31,26,40
40,3
19,23,-1
19,24,-1
12,18,-1
41,1
39,33,42
42,1
12,18,-1
43,1
28,19,44
44,2
14,23,45
13,24,-1
45,1
37,32,46
46,4
10,14,47
13,19,-1
18,22,-1
17,21,-1
47,1
41,37,48
48,5
5,10,49
14,19,86
13,19,-1
16,21,102
17,21,117
49,2
34,29,50
46,41,71
50,1
23,34,51
51,1
39,30,52
52,3
14,19,53
20,24,65
20,25,-1
53,1
44,39,54
54,2
10,14,55
17,22,-1
55,1
40,34,56
56,5
17,22,57
16,21,61
18,23,-1
20,25,-1
17,21,-1
57,1
45,40,58
58,1
11,17,59
59,1
50,45,60
60,2
17,21,-1
6,11,-1
61,1
31,26,62
62,2
11,16,63
18,22,-1
63,1
32,28,64
64,2
20,25,-1
18,22,-1
65,1
30,19,66
66,2
13,24,67
14,23,-1
67,1
44,39,68
68,2
8,13,69
14,19,-1
69,1
40,34,70
70,1
2,8,-1
71,3
14,19,72
17,21,76
17,22,-1
72,1
35,30,73
73,1
20,25,74
74,1
40,35,75
75,5
9,14,-1
17,21,-1
15,20,-1
10,14,-1
17,22,-1
76,1
31,26,77
77,2
21,27,78
14,19,-1
78,1
32,21,79
79,1
16,27,80
80,1
34,30,81
81,2
14,19,82
20,25,-1
82,1
30,25,83
83,1
10,14,84
84,1
40,34,85
85,2
11,17,-1
20,24,-1
86,2
46,41,87
34,29,95
87,3
5,10,88
17,21,-1
9,14,-1
88,2
32,28,89
35,30,92
89,1
23,32,90
90,1
37,28,91
91,5
18,23,-1
10,14,-1
17,22,-1
9,14,-1
16,21,-1
92,2
20,25,93
10,14,-1
93,1
40,35,94
94,3
15,20,-1
9,14,-1
10,14,-1
95,1
23,34,96
96,1
39,30,97
97,2
5,10,98
18,23,-1
98,1
44,39,99
99,2
10,14,100
18,23,-1
100,1
40,34,101
101,4
17,21,-1
18,23,-1
17,22,-1
16,21,-1
102,2
35,30,103
33,28,112
103,3
20,25,104
21,27,-1
21,26,-1
104,1
47,41,105
105,1
21,26,106
106,1
32,28,107
107,1
23,32,108
108,1
37,28,109
109,1
26,37,110
110,1
41,32,111
111,4
18,22,-1
13,19,-1
17,21,-1
5,10,-1
112,1
13,19,113
113,1
35,30,114
114,4
9,13,-1
21,26,-1
8,13,115
20,24,-1
115,1
31,27,116
116,2
20,24,-1
21,26,-1
117,1
34,29,118
118,1
23,34,119
119,1
39,30,120
120,2
11,17,-1
21,26,-1
121,1
31,26,122
122,2
11,16,123
18,22,144
123,2
38,32,124
37,32,137
124,2
7,11,125
18,22,-1
125,1
37,31,126
126,1
19,23,127
127,1
28,19,128
128,1
14,23,129
129,1
31,27,130
130,1
23,28,131
131,1
32,23,132
132,1
18,38,133
133,1
43,32,134
134,2
12,18,-1
10,14,135
135,1
41,37,136
136,1
5,10,-1
137,4
7,11,138
19,23,-1
18,22,-1
18,23,-1
138,1
36,31,139
139,3
19,23,140
1,7,-1
18,22,-1
140,1
28,19,141
141,1
14,23,142
142,1
33,28,143
143,2
13,19,-1
21,27,-1
144,1
37,32,145
145,2
11,16,-1
13,18,-1
146,1
28,17,147
147,2
11,22,148
12,21,187
148,1
37,32,149
149,3
6,11,150
12,17,167
19,23,-1
150,1
41,37,151
151,2
12,17,152
11,17,-1
152,1
46,41,153
153,3
1,6,-1
8,12,154
7,12,163
154,2
32,28,155
34,29,162
155,2
16,21,156
2,8,-1
156,1
31,26,157
157,1
21,27,158
158,1
35,30,159
159,1
2,8,160
160,1
30,25,161
161,3
19,23,-1
1,6,-1
27,31,-1
162,1
19,23,-1
163,1
34,29,164
164,2
19,23,165
1,6,-1
165,1
31,27,166
166,2
23,34,-1
22,31,-1
167,2
41,37,168
31,26,171
168,1
6,11,169
169,1
46,41,170
170,4
7,12,-1
8,12,-1
1,6,-1
19,23,-1
171,1
6,11,172
172,1
36,31,173
173,2
8,12,174
19,23,-1
174,1
32,27,175
175,1
16,21,176
176,1
27,16,177
177,1
22,28,178
178,1
33,22,179
179,1
18,36,180
180,1
41,37,181
181,3
19,23,182
12,18,-1
20,25,-1
182,1
37,32,183
183,2
14,19,184
12,18,-1
184,2
32,27,185
39,33,186
185,2
12,18,-1
10,14,-1
186,1
10,14,-1
187,2
31,26,188
37,32,206
188,3
7,12,189
19,23,-1
11,17,-1
189,1
26,17,190
190,2
12,21,191
11,22,200
191,2
37,31,192
36,31,199
192,6
8,12,-1
1,7,193
19,23,-1
21,26,-1
2,7,-1
11,17,-1
193,1
31,27,194
194,1
21,32,195
195,1
38,27,196
196,3
7,12,197
18,22,-1
11,17,-1
197,1
41,37,198
198,3
19,23,-1
19,24,-1
11,17,-1
199,4
19,23,-1
1,7,-1
21,26,-1
2,7,-1
200,1
37,31,201
201,3
16,21,202
6,11,-1
1,7,-1
202,1
31,26,203
203,1
22,27,204
204,1
26,17,205
205,1
12,21,-1
206,4
7,12,207
8,12,-1
19,23,-1
21,26,-1
207,2
41,37,208
34,29,209
208,4
1,7,-1
19,23,-1
21,26,-1
11,17,-1
209,6
11,17,-1
1,7,210
19,24,-1
19,23,-1
21,26,-1
20,24,-1
210,1
40,34,211
211,4
19,23,-1
11,17,-1
19,24,-1
20,24,-1
212,2
37,32,213
34,29,226
213,3
12,18,214
19,23,-1
22,27,-1
214,1
41,37,215
215,1
7,12,216
216,1
46,41,217
217,1
1,7,218
218,2
34,29,219
31,26,225
219,2
19,23,220
20,25,-1
220,1
28,19,221
221,1
14,34,222
222,2
39,30,223
40,29,224
223,3
20,25,-1
13,19,-1
10,14,-1
224,2
13,19,-1
10,14,-1
225,3
19,23,-1
20,25,-1
18,23,-1
226,3
12,18,227
16,21,-1
19,24,-1
227,2
40,34,228
37,32,231
228,3
19,23,-1
7,12,229
19,24,-1
229,1
45,40,230
230,2
1,7,-1
19,23,-1
231,2
7,12,-1
19,23,-1
232,3
33,29,233
34,29,240
37,32,248
233,5
11,17,-1
21,26,234
19,23,-1
20,25,-1
18,23,-1
234,1
39,33,235
235,5
19,23,-1
16,21,236
11,17,238
20,24,-1
18,22,-1
236,1
44,39,237
237,2
20,24,-1
11,16,-1
238,1
44,39,239
239,4
20,25,-1
6,11,-1
17,21,-1
7,11,-1
240,6
21,26,241
11,17,-1
19,23,-1
12,17,-1
18,23,-1
20,24,-1
241,1
40,34,242
242,3
16,21,243
11,17,245
19,23,-1
243,1
45,40,244
244,4
11,16,-1
20,24,-1
20,25,-1
11,17,-1
245,2
45,40,246
44,40,247
246,3
7,11,-1
6,11,-1
17,21,-1
247,4
20,25,-1
17,21,-1
7,11,-1
6,11,-1
248,3
11,17,249
21,26,256
19,23,-1
249,2
41,37,250
31,26,253
250,3
7,11,251
19,23,-1
6,11,-1
251,1
34,29,252
252,3
19,23,-1
18,22,-1
1,7,-1
253,3
7,11,254
18,22,-1
18,23,-1
254,1
36,31,255
255,3
1,7,-1
19,23,-1
18,22,-1
256,1
41,37,257
257,4
16,21,-1
11,17,258
18,23,-1
20,25,-1
258,1
34,29,259
259,8
17,22,-1
7,11,-1
19,23,-1
18,22,260
6,11,-1
20,24,-1
20,25,-1
17,21,-1
260,1
40,34,261
261,2
13,18,-1
6,11,-1
262,3
37,32,263
34,30,264
38,32,265
263,3
15,20,-1
18,23,-1
14,20,-1
264,2
14,20,-1
18,23,-1
265,3
15,20,-1
18,23,-1
14,20,-1
266,2
37,32,267
33,29,275
267,3
14,20,268
18,23,-1
15,20,270
268,1
41,37,269
269,1
10,14,-1
270,1
41,37,271
271,1
10,15,272
272,2
46,41,273
31,27,274
273,2
5,10,-1
17,21,-1
274,1
5,10,-1
275,4
17,22,276
17,21,-1
16,21,281
15,20,-1
276,1
28,17,277
277,2
11,22,278
12,21,-1
278,2
37,32,279
39,33,280
279,4
6,11,-1
19,23,-1
14,20,-1
15,20,-1
280,3
6,11,-1
19,23,-1
14,20,-1
281,1
31,26,282
282,3
11,16,-1
21,27,-1
18,22,283
283,1
39,33,284
284,2
11,16,-1
21,27,-1
285,1
37,32,286
286,2
17,21,-1
14,19,-1
287,9
20,25,288
17,22,295
19,23,343
17,21,381
19,24,401
18,22,420
20,24,434
18,23,444
16,21,451
288,2
32,28,289
39,33,292
289,3
17,22,290
17,21,-1
14,20,-1
290,1
28,17,291
291,2
11,22,-1
12,21,-1
292,2
14,20,293
15,20,-1
293,1
44,39,294
294,3
10,14,-1
19,24,-1
20,24,-1
295,1
39,33,296
296,3
11,17,297
20,25,-1
19,23,-1
297,1
44,39,298
298,2
6,11,299
7,11,-1
299,1
50,44,300
300,4
1,6,301
20,25,335
19,23,337
22,27,-1
301,1
31,26,302
302,3
16,21,303
19,23,-1
20,25,333
303,1
32,28,304
304,2
19,23,305
11,16,-1
305,1
28,19,306
306,2
14,23,307
13,24,-1
307,2
35,30,308
29,24,319
308,2
10,14,309
21,27,-1
309,1
30,24,310
310,5
21,27,-1
5,10,311
14,19,-1
23,28,-1
4,10,-1
311,1
37,31,312
312,4
23,28,-1
20,25,313
21,27,-1
11,16,-1
313,1
24,20,314
314,1
15,24,315
315,1
29,20,316
316,3
14,19,317
11,16,-1
22,27,-1
317,1
20,15,318
318,2
10,14,-1
22,27,-1
319,1
20,29,320
320,1
33,24,321
321,4
10,14,322
9,14,-1
23,28,-1
13,19,-1
322,2
24,19,323
34,30,326
323,1
13,24,324
324,1
34,29,325
325,2
24,33,-1
23,34,-1
326,3
14,20,327
14,19,-1
13,19,-1
327,1
39,33,328
328,1
20,29,329
329,1
33,24,330
330,1
13,19,331
331,1
24,13,332
332,1
8,19,-1
333,1
35,30,334
334,4
19,24,-1
14,20,-1
19,23,-1
22,28,-1
335,1
35,30,336
336,2
19,23,-1
22,27,-1
337,1
32,28,338
338,1
23,32,339
339,1
37,28,340
340,1
16,21,341
341,1
35,30,342
342,2
21,26,-1
20,25,-1
343,1
35,30,344
344,4
14,19,345
20,25,355
13,19,377
17,22,379
345,1
40,35,346
346,4
10,14,347
17,21,-1
17,22,351
20,24,-1
347,1
30,25,348
348,3
17,22,-1
20,24,349
17,21,-1
349,1
29,20,350
350,1
15,24,-1
351,1
45,40,352
352,4
11,17,353
10,14,-1
20,25,-1
22,27,-1
353,1
38,33,354
354,1
6,11,-1
355,1
40,35,356
356,5
14,19,357
14,20,361
13,19,-1
17,21,-1
17,22,-1
357,1
30,24,358
358,1
19,30,359
359,1
35,24,360
360,3
9,14,-1
16,21,-1
17,22,-1
361,1
44,40,362
362,1
10,14,363
363,1
38,33,364
364,3
5,10,-1
14,19,365
17,22,-1
365,1
30,24,366
366,1
19,30,367
367,1
35,24,368
368,3
9,14,-1
17,22,369
5,10,-1
369,1
42,38,370
370,2
5,10,-1
11,17,371
371,1
32,28,372
372,1
23,32,373
373,1
37,28,374
374,2
7,11,-1
16,21,375
375,1
41,37,376
376,4
6,11,-1
21,27,-1
7,11,-1
21,26,-1
377,1
30,25,378
378,4
20,24,-1
19,24,-1
9,13,-1
17,22,-1
379,1
39,33,380
380,2
11,17,-1
14,19,-1
381,1
39,33,382
382,4
11,17,-1
21,26,383
19,23,-1
12,17,-1
383,1
44,39,384
384,6
11,17,385
18,22,-1
20,25,-1
16,21,-1
20,24,-1
19,24,-1
385,2
32,28,386
50,44,390
386,4
6,11,-1
17,21,387
16,21,-1
7,11,-1
387,2
50,44,388
38,32,389
388,2
6,11,-1
20,24,-1
389,3
21,27,-1
6,11,-1
20,24,-1
390,5
6,11,391
7,11,399
17,22,-1
19,24,-1
17,21,-1
391,1
32,28,392
392,4
17,21,393
1,6,-1
19,23,-1
18,23,-1
393,1
38,32,394
394,3
20,24,-1
21,27,395
1,6,-1
395,1
32,21,396
396,1
26,17,397
397,1
42,38,398
398,3
1,6,-1
20,24,-1
19,23,-1
399,1
32,28,400
400,3
17,21,-1
16,21,-1
1,7,-1
401,1
39,33,402
402,2
14,19,403
18,22,-1
403,1
44,39,404
404,5
19,23,405
20,25,408
17,21,-1
10,14,-1
17,22,-1
405,2
50,44,406
32,28,407
406,3
10,14,-1
20,25,-1
13,19,-1
407,1
23,32,-1
408,1
29,20,409
409,1
25,14,410
410,1
50,44,411
411,5
15,20,412
18,23,414
17,21,-1
19,23,-1
14,20,-1
412,1
32,28,413
413,3
17,22,-1
18,23,-1
10,15,-1
414,1
32,28,415
415,1
23,32,416
416,1
37,28,417
417,1
12,18,418
418,1
41,37,419
419,2
7,12,-1
17,21,-1
420,1
31,26,421
421,5
20,25,422
13,18,-1
22,27,424
19,24,432
20,24,-1
422,1
39,33,423
423,2
14,20,-1
12,18,-1
424,1
32,21,425
425,1
16,27,426
426,1
37,32,427
427,2
11,16,428
17,21,-1
428,1
32,21,429
429,1
16,27,430
430,1
41,37,431
431,2
27,31,-1
6,11,-1
432,1
39,33,433
433,2
22,27,-1
14,19,-1
434,1
29,20,435
435,2
15,24,436
14,25,-1
436,2
32,28,437
34,30,443
437,4
17,22,-1
18,23,438
17,21,-1
10,15,-1
438,2
34,30,439
39,33,440
439,1
23,32,-1
440,1
23,32,441
441,1
37,28,442
442,4
16,21,-1
12,18,-1
24,29,-1
17,22,-1
443,4
17,21,-1
14,20,-1
10,15,-1
18,23,-1
444,1
29,18,445
445,2
13,22,-1
12,23,446
446,1
34,30,447
447,4
7,12,448
20,24,-1
20,25,-1
13,18,-1
448,2
30,25,449
39,33,450
449,2
1,7,-1
13,18,-1
450,2
1,7,-1
12,18,-1
451,1
31,26,452
452,1
11,16,-1
